-0.000155 273.150000
0.015260 274.150000
0.030606 275.150000
0.045886 276.150000
0.061101 277.150000
0.076252 278.150000
0.091340 279.150000
0.106366 280.150000
0.121332 281.150000
0.136238 282.150000
0.151085 283.150000
0.165875 284.150000
0.180607 285.150000
0.195284 286.150000
0.209905 287.150000
0.224471 288.150000
0.238983 289.150000
0.253442 290.150000
0.267848 291.150000
0.282201 292.150000
0.296503 293.150000
0.310754 294.150000
0.324954 295.150000
0.339104 296.150000
0.353205 297.150000
0.367256 298.150000
0.381259 299.150000
0.395214 300.150000
0.409121 301.150000
0.422980 302.150000
0.436793 303.150000
0.450559 304.150000
0.464279 305.150000
0.477954 306.150000
0.491583 307.150000
0.505168 308.150000
0.518708 309.150000
0.532203 310.150000
0.545655 311.150000
0.559064 312.150000
0.572430 313.150000
0.585753 314.150000
0.599033 315.150000
0.612272 316.150000
0.625469 317.150000
0.638624 318.150000
0.651739 319.150000
0.664813 320.150000
0.677846 321.150000
0.690840 322.150000
0.703794 323.150000
0.716708 324.150000
0.729584 325.150000
0.742420 326.150000
0.755219 327.150000
0.767979 328.150000
0.780701 329.150000
0.793385 330.150000
0.806033 331.150000
0.818643 332.150000
0.831216 333.150000
0.843753 334.150000
0.856254 335.150000
0.868719 336.150000
0.881149 337.150000
0.893543 338.150000
0.905902 339.150000
0.918226 340.150000
0.930516 341.150000
0.942771 342.150000
0.954993 343.150000
0.967180 344.150000
0.979334 345.150000
0.991455 346.150000
1.003543 347.150000
1.015598 348.150000
1.027621 349.150000
1.039611 350.150000
1.051570 351.150000
1.063496 352.150000
1.075391 353.150000
1.087255 354.150000
1.099088 355.150000
1.110890 356.150000
1.122661 357.150000
1.134401 358.150000
1.146112 359.150000
1.157793 360.150000
1.169444 361.150000
1.181065 362.150000
1.192657 363.150000
1.204220 364.150000
1.215754 365.150000
1.227260 366.150000
1.238737 367.150000
1.250186 368.150000
1.261607 369.150000
1.273000 370.150000
1.284365 371.150000
1.295703 372.150000
1.307014 373.150000
1.318298 374.150000
1.329555 375.150000
1.340786 376.150000
1.351990 377.150000
1.363167 378.150000
1.374319 379.150000
1.385445 380.150000
1.396545 381.150000
1.407620 382.150000
1.418670 383.150000
1.429694 384.150000
1.440693 385.150000
1.451668 386.150000
1.462619 387.150000
1.473544 388.150000
1.484446 389.150000
1.495324 390.150000
1.506178 391.150000
1.517008 392.150000
1.527815 393.150000
1.538599 394.150000
1.549359 395.150000
1.560097 396.150000
1.570811 397.150000
1.581503 398.150000
1.592173 399.150000
1.602821 400.150000
1.613446 401.150000
1.624050 402.150000
1.634631 403.150000
1.645191 404.150000
1.655730 405.150000
1.666248 406.150000
1.676744 407.150000
1.687220 408.150000
1.697674 409.150000
1.708109 410.150000
1.718522 411.150000
1.728916 412.150000
1.739289 413.150000
1.749642 414.150000
1.759976 415.150000
1.770290 416.150000
1.780585 417.150000
1.790860 418.150000
1.801116 419.150000
1.811353 420.150000
1.821571 421.150000
1.831771 422.150000
1.841952 423.150000
1.852115 424.150000
1.862259 425.150000
1.872386 426.150000
1.882494 427.150000
1.892585 428.150000
1.902658 429.150000
1.912714 430.150000
1.922753 431.150000
1.932774 432.150000
1.942779 433.150000
1.952766 434.150000
1.962737 435.150000
1.972692 436.150000
1.982630 437.150000
1.992552 438.150000
2.002457 439.150000
2.012347 440.150000
2.022222 441.150000
2.032080 442.150000
2.041923 443.150000
2.051751 444.150000
2.061564 445.150000
2.071362 446.150000
2.081145 447.150000
2.090913 448.150000
2.100667 449.150000
2.110406 450.150000
2.120131 451.150000
2.129842 452.150000
2.139540 453.150000
2.149223 454.150000
2.158893 455.150000
2.168549 456.150000
2.178192 457.150000
2.187822 458.150000
2.197439 459.150000
2.207044 460.150000
2.216635 461.150000
2.226214 462.150000
2.235781 463.150000
2.245335 464.150000
2.254877 465.150000
2.264408 466.150000
2.273926 467.150000
2.283433 468.150000
2.292929 469.150000
2.302414 470.150000
2.311887 471.150000
2.321349 472.150000
2.330801 473.150000
2.340242 474.150000
2.349672 475.150000
2.359092 476.150000
2.368502 477.150000
2.377902 478.150000
2.387292 479.150000
2.396673 480.150000
2.406044 481.150000
2.415406 482.150000
2.424758 483.150000
2.434102 484.150000
2.443437 485.150000
2.452763 486.150000
2.462080 487.150000
2.471390 488.150000
2.480691 489.150000
2.489984 490.150000
2.499269 491.150000
2.508547 492.150000
2.517817 493.150000
2.527080 494.150000
2.536336 495.150000
2.545585 496.150000
2.554828 497.150000
2.564063 498.150000
2.573293 499.150000
2.582516 500.150000
2.591733 501.150000
2.600944 502.150000
2.610150 503.150000
2.619350 504.150000
2.628545 505.150000
2.637735 506.150000
2.646920 507.150000
2.656101 508.150000
2.665277 509.150000
2.674449 510.150000
2.683616 511.150000
2.692780 512.150000
2.701940 513.150000
2.711097 514.150000
2.720250 515.150000
2.729401 516.150000
2.738548 517.150000
2.747693 518.150000
2.756836 519.150000
2.765977 520.150000
2.775115 521.150000
2.784252 522.150000
2.793388 523.150000
2.802522 524.150000
2.811655 525.150000
2.820788 526.150000
2.829920 527.150000
2.839051 528.150000
2.848183 529.150000
2.857315 530.150000
2.866448 531.150000
2.875581 532.150000
2.884715 533.150000
2.893851 534.150000
2.902988 535.150000
2.912127 536.150000
2.921268 537.150000
2.930412 538.150000
2.939558 539.150000
2.948708 540.150000
2.957861 541.150000
2.967017 542.150000
2.976177 543.150000
2.985342 544.150000
2.994511 545.150000
3.003686 546.150000
3.012865 547.150000
3.022051 548.150000
3.031242 549.150000
3.040440 550.150000
3.049644 551.150000
3.058856 552.150000
3.068075 553.150000
3.077302 554.150000
3.086537 555.150000
3.095782 556.150000
3.105035 557.150000
3.114298 558.150000
3.123571 559.150000
3.132855 560.150000
3.142150 561.150000
3.151456 562.150000
3.160774 563.150000
3.170105 564.150000
3.179449 565.150000
3.188807 566.150000
3.198179 567.150000
3.207565 568.150000
3.216967 569.150000
3.226385 570.150000
3.235819 571.150000
3.245271 572.150000
3.254741 573.150000
3.264229 574.150000
3.273736 575.150000
3.283263 576.150000
3.292811 577.150000
3.302381 578.150000
3.311973 579.150000
3.321587 580.150000
3.331226 581.150000
3.340890 582.150000
3.350580 583.150000
3.360296 584.150000
3.370039 585.150000
3.379812 586.150000
3.389614 587.150000
3.399447 588.150000
3.409312 589.150000
3.419210 590.150000
3.429143 591.150000
3.439111 592.150000
3.449116 593.150000
3.459160 594.150000
3.469243 595.150000
3.479368 596.150000
3.489537 597.150000
3.499750 598.150000
3.510010 599.150000
3.520319 600.150000
3.530678 601.150000
3.541091 602.150000
3.551559 603.150000
3.562086 604.150000
3.572672 605.150000
3.583323 606.150000
3.594040 607.150000
3.604827 608.150000
3.615688 609.150000
3.626626 610.150000
3.637646 611.150000
3.648752 612.150000
3.659949 613.150000
3.671243 614.150000
3.682637 615.150000
3.694140 616.150000
3.705757 617.150000
3.717495 618.150000
3.729361 619.150000
3.741364 620.150000
3.753512 621.150000
3.765815 622.150000
3.778281 623.150000
3.790989 624.150000
3.803857 625.150000
3.816934 626.150000
3.830244 627.150000
3.843809 628.150000
3.857652 629.150000
3.871794 630.150000
3.886265 631.150000
3.901105 632.150000
3.916358 633.150000
3.932073 634.150000
3.948307 635.150000
3.965147 636.150000
3.982686 637.150000
4.001050 638.150000
4.020404 639.150000
4.040976 640.150000
4.063087 641.150000
4.087219 642.150000
4.114155 643.150000
4.145589 644.150000
4.183631 645.150000
4.192319 645.350000
4.201740 645.550000
4.212263 645.750000
4.224257 645.950000
4.238003 646.150000
4.253601 646.350000
4.270918 646.550000
4.289150 646.750000
4.328487 646.950000
4.397039 647.096000
4.498771 646.950000
4.563596 646.750000
4.570879 646.550000
4.608544 646.350000
4.629317 646.150000
4.648027 645.950000
4.664710 645.750000
4.679512 645.550000
4.692703 645.350000
4.704659 645.150000
4.757486 644.150000
4.799621 643.150000
4.835835 642.150000
4.867870 641.150000
4.896849 640.150000
4.923461 639.150000
4.948182 638.150000
4.971357 637.150000
4.993224 636.150000
5.013983 635.150000
5.033785 634.150000
5.052736 633.150000
5.070931 632.150000
5.088463 631.150000
5.105402 630.150000
5.121792 629.150000
5.137680 628.150000
5.153114 627.150000
5.168133 626.150000
5.182762 625.150000
5.197029 624.150000
5.210888 623.150000
5.224500 622.150000
5.237833 621.150000
5.250900 620.150000
5.263714 619.150000
5.276286 618.150000
5.288629 617.150000
5.300753 616.150000
5.312668 615.150000
5.324384 614.150000
5.335912 613.150000
5.347258 612.150000
5.358432 611.150000
5.369441 610.150000
5.380294 609.150000
5.390996 608.150000
5.401556 607.150000
5.411978 606.150000
5.422269 605.150000
5.432435 604.150000
5.442480 603.150000
5.452411 602.150000
5.462232 601.150000
5.471946 600.150000
5.481559 599.150000
5.491075 598.150000
5.500497 597.150000
5.509830 596.150000
5.519075 595.150000
5.528237 594.150000
5.537319 593.150000
5.546324 592.150000
5.555254 591.150000
5.564113 590.150000
5.572901 589.150000
5.581623 588.150000
5.590281 587.150000
5.598875 586.150000
5.607410 585.150000
5.615886 584.150000
5.624334 583.150000
5.632682 582.150000
5.640980 581.150000
5.649230 580.150000
5.657433 579.150000
5.665591 578.150000
5.673704 577.150000
5.681773 576.150000
5.689801 575.150000
5.697787 574.150000
5.705733 573.150000
5.713641 572.150000
5.721511 571.150000
5.729344 570.150000
5.737142 569.150000
5.744905 568.150000
5.752635 567.150000
5.760332 566.150000
5.767997 565.150000
5.775632 564.150000
5.783238 563.150000
5.790814 562.150000
5.798363 561.150000
5.805885 560.150000
5.813381 559.150000
5.820851 558.150000
5.828298 557.150000
5.835721 556.150000
5.843121 555.150000
5.850499 554.150000
5.857856 553.150000
5.865193 552.150000
5.872511 551.150000
5.879809 550.150000
5.887090 549.150000
5.894353 548.150000
5.901600 547.150000
5.908831 546.150000
5.916046 545.150000
5.923247 544.150000
5.930435 543.150000
5.937609 542.150000
5.944770 541.150000
5.951919 540.150000
5.959057 539.150000
5.966185 538.150000
5.973302 537.150000
5.980410 536.150000
5.987509 535.150000
5.994599 534.150000
6.001682 533.150000
6.008757 532.150000
6.015826 531.150000
6.022888 530.150000
6.029945 529.150000
6.036997 528.150000
6.044044 527.150000
6.051087 526.150000
6.058126 525.150000
6.065163 524.150000
6.072197 523.150000
6.079228 522.150000
6.086258 521.150000
6.093287 520.150000
6.100315 519.150000
6.107343 518.150000
6.114372 517.150000
6.121400 516.150000
6.128430 515.150000
6.135462 514.150000
6.142496 513.150000
6.149532 512.150000
6.156571 511.150000
6.163613 510.150000
6.170659 509.150000
6.177710 508.150000
6.184765 507.150000
6.191825 506.150000
6.198890 505.150000
6.205961 504.150000
6.213039 503.150000
6.220123 502.150000
6.227215 501.150000
6.234314 500.150000
6.241421 499.150000
6.248536 498.150000
6.255661 497.150000
6.262794 496.150000
6.269937 495.150000
6.277090 494.150000
6.284253 493.150000
6.291428 492.150000
6.298613 491.150000
6.305810 490.150000
6.313019 489.150000
6.320241 488.150000
6.327475 487.150000
6.334723 486.150000
6.341985 485.150000
6.349260 484.150000
6.356551 483.150000
6.363856 482.150000
6.371176 481.150000
6.378512 480.150000
6.385864 479.150000
6.393233 478.150000
6.400619 477.150000
6.408023 476.150000
6.415444 475.150000
6.422883 474.150000
6.430342 473.150000
6.437819 472.150000
6.445316 471.150000
6.452833 470.150000
6.460370 469.150000
6.467928 468.150000
6.475507 467.150000
6.483108 466.150000
6.490732 465.150000
6.498377 464.150000
6.506046 463.150000
6.513738 462.150000
6.521454 461.150000
6.529195 460.150000
6.536960 459.150000
6.544750 458.150000
6.552566 457.150000
6.560409 456.150000
6.568277 455.150000
6.576173 454.150000
6.584097 453.150000
6.592048 452.150000
6.600028 451.150000
6.608036 450.150000
6.616074 449.150000
6.624142 448.150000
6.632240 447.150000
6.640369 446.150000
6.648529 445.150000
6.656721 444.150000
6.664946 443.150000
6.673202 442.150000
6.681493 441.150000
6.689816 440.150000
6.698174 439.150000
6.706567 438.150000
6.714995 437.150000
6.723459 436.150000
6.731958 435.150000
6.740495 434.150000
6.749069 433.150000
6.757680 432.150000
6.766330 431.150000
6.775019 430.150000
6.783747 429.150000
6.792515 428.150000
6.801323 427.150000
6.810173 426.150000
6.819064 425.150000
6.827997 424.150000
6.836972 423.150000
6.845991 422.150000
6.855054 421.150000
6.864161 420.150000
6.873313 419.150000
6.882510 418.150000
6.891754 417.150000
6.901044 416.150000
6.910382 415.150000
6.919767 414.150000
6.929201 413.150000
6.938684 412.150000
6.948217 411.150000
6.957800 410.150000
6.967434 409.150000
6.977120 408.150000
6.986858 407.150000
6.996649 406.150000
7.006493 405.150000
7.016392 404.150000
7.026346 403.150000
7.036355 402.150000
7.046421 401.150000
7.056544 400.150000
7.066724 399.150000
7.076963 398.150000
7.087260 397.150000
7.097618 396.150000
7.108036 395.150000
7.118516 394.150000
7.129057 393.150000
7.139661 392.150000
7.150329 391.150000
7.161061 390.150000
7.171858 389.150000
7.182721 388.150000
7.193651 387.150000
7.204648 386.150000
7.215713 385.150000
7.226847 384.150000
7.238051 383.150000
7.249326 382.150000
7.260672 381.150000
7.272091 380.150000
7.283583 379.150000
7.295149 378.150000
7.306790 377.150000
7.318506 376.150000
7.330300 375.150000
7.342171 374.150000
7.354121 373.150000
7.366150 372.150000
7.378260 371.150000
7.390451 370.150000
7.402724 369.150000
7.415080 368.150000
7.427521 367.150000
7.440047 366.150000
7.452659 365.150000
7.465358 364.150000
7.478146 363.150000
7.491022 362.150000
7.503989 361.150000
7.517047 360.150000
7.530197 359.150000
7.543441 358.150000
7.556779 357.150000
7.570213 356.150000
7.583743 355.150000
7.597371 354.150000
7.611098 353.150000
7.624925 352.150000
7.638853 351.150000
7.652883 350.150000
7.667017 349.150000
7.681255 348.150000
7.695599 347.150000
7.710050 346.150000
7.724609 345.150000
7.739278 344.150000
7.754057 343.150000
7.768948 342.150000
7.783953 341.150000
7.799072 340.150000
7.814306 339.150000
7.829658 338.150000
7.845128 337.150000
7.860718 336.150000
7.876428 335.150000
7.892262 334.150000
7.908219 333.150000
7.924301 332.150000
7.940510 331.150000
7.956847 330.150000
7.973313 329.150000
7.989911 328.150000
8.006641 327.150000
8.023504 326.150000
8.040503 325.150000
8.057640 324.150000
8.074914 323.150000
8.092329 322.150000
8.109885 321.150000
8.127585 320.150000
8.145429 319.150000
8.163420 318.150000
8.181559 317.150000
8.199848 316.150000
8.218289 315.150000
8.236883 314.150000
8.255631 313.150000
8.274537 312.150000
8.293601 311.150000
8.312826 310.150000
8.332212 309.150000
8.351763 308.150000
8.371480 307.150000
8.391364 306.150000
8.411419 305.150000
8.431645 304.150000
8.452044 303.150000
8.472620 302.150000
8.493373 301.150000
8.514305 300.150000
8.535420 299.150000
8.556719 298.150000
8.578204 297.150000
8.599877 296.150000
8.621740 295.150000
8.643797 294.150000
8.666048 293.150000
8.688497 292.150000
8.711145 291.150000
8.733995 290.150000
8.757050 289.150000
8.780311 288.150000
8.803782 287.150000
8.827464 286.150000
8.851361 285.150000
8.875474 284.150000
8.899807 283.150000
8.924362 282.150000
8.949142 281.150000
8.974150 280.150000
8.999388 279.150000
9.024858 278.150000
9.050565 277.150000
9.076511 276.150000
9.102698 275.150000
9.129131 274.150000
9.155811 273.150000
