6.599318 773.148791
6.599326 754.921389
6.599337 734.990578
6.599344 712.954513
6.599336 688.244413
6.599325 660.019128
6.599328 626.932469
6.599304 586.584608
6.599347 534.035589
6.599325 455.463010
6.599323 448.507822
6.599323 443.563511
6.599323 438.102753
6.599323 431.982424
6.599323 424.986244
6.599323 416.762533
6.599323 406.675358
6.599323 393.361546
6.599323 372.755919
6.599323 369.837039
6.599323 366.635354
6.599323 363.081510
6.599323 359.075777
6.599323 354.466736
6.599323 349.006822
6.599323 342.245432
6.599323 333.208643
6.599323 318.957548
6.599323 316.911842
6.599323 314.660053
6.599323 312.150863
6.599323 309.310259
6.599323 306.025490
6.599323 302.111504
6.599323 297.229941
