6.599321 773.149429
6.608365 757.587905
6.618708 740.611152
6.630728 721.887365
6.644997 700.946262
6.662450 677.090310
6.684691 649.197503
6.714851 615.272337
6.760275 571.120500
6.846241 504.682207
6.860142 495.473119
6.875603 485.363279
6.892947 474.116457
6.912711 461.409467
6.935702 446.751836
6.963207 429.343064
6.997462 407.739315
7.044885 393.361546
7.126857 372.755919
7.139412 369.837039
7.153475 366.635354
7.169449 363.081510
7.187932 359.075777
7.209845 354.466736
7.236739 349.006822
7.271522 342.245432
7.320739 333.208643
7.405330 318.957548
7.418233 316.911842
7.432670 314.660053
7.449053 312.150863
7.467987 309.310259
7.490407 306.025490
7.517887 302.111504
7.553372 297.229941
