0.825942 333.150000
0.838414 334.150000
0.850852 335.150000
0.863253 336.150000
0.875619 337.150000
0.887951 338.150000
0.900247 339.150000
0.912509 340.150000
0.924737 341.150000
0.936931 342.150000
0.949091 343.150000
0.961218 344.150000
0.973311 345.150000
0.985372 346.150000
0.997399 347.150000
1.009395 348.150000
1.021357 349.150000
1.033288 350.150000
1.045187 351.150000
1.057055 352.150000
1.068891 353.150000
1.080696 354.150000
1.092470 355.150000
1.104213 356.150000
1.115926 357.150000
1.127608 358.150000
1.139261 359.150000
1.150884 360.150000
1.162477 361.150000
1.174041 362.150000
1.185575 363.150000
1.197081 364.150000
1.208558 365.150000
1.220006 366.150000
1.231426 367.150000
1.242818 368.150000
1.254182 369.150000
1.265519 370.150000
1.276827 371.150000
1.288109 372.150000
1.299363 373.150000
1.310590 374.150000
1.321791 375.150000
1.332965 376.150000
1.344112 377.150000
1.355234 378.150000
1.366329 379.150000
1.377399 380.150000
1.388443 381.150000
1.399461 382.150000
1.410455 383.150000
1.421423 384.150000
1.432367 385.150000
1.443285 386.150000
1.454180 387.150000
1.465049 388.150000
1.475895 389.150000
1.486717 390.150000
1.497515 391.150000
1.508289 392.150000
1.519040 393.150000
1.529768 394.150000
1.540472 395.150000
1.551154 396.150000
1.561812 397.150000
1.572449 398.150000
1.583062 399.150000
1.593654 400.150000
1.604223 401.150000
1.614771 402.150000
1.625297 403.150000
1.635801 404.150000
1.646284 405.150000
1.656745 406.150000
1.667186 407.150000
1.677605 408.150000
1.688004 409.150000
1.698382 410.150000
1.708740 411.150000
1.719077 412.150000
1.729395 413.150000
1.739692 414.150000
1.749970 415.150000
1.760228 416.150000
1.770466 417.150000
1.780685 418.150000
1.790886 419.150000
1.801067 420.150000
1.811229 421.150000
1.821373 422.150000
1.831498 423.150000
1.841605 424.150000
1.851693 425.150000
1.861764 426.150000
1.871817 427.150000
1.881852 428.150000
1.891869 429.150000
1.901869 430.150000
1.911852 431.150000
1.921818 432.150000
1.931766 433.150000
1.941699 434.150000
1.951614 435.150000
1.961513 436.150000
1.971396 437.150000
1.981262 438.150000
1.991113 439.150000
2.000948 440.150000
2.010767 441.150000
2.020571 442.150000
2.030359 443.150000
2.040132 444.150000
2.049890 445.150000
2.059634 446.150000
2.069362 447.150000
2.079076 448.150000
2.088776 449.150000
2.098461 450.150000
2.108133 451.150000
2.117790 452.150000
2.127434 453.150000
2.137065 454.150000
2.146681 455.150000
2.156285 456.150000
2.165875 457.150000
2.175453 458.150000
2.185018 459.150000
2.194570 460.150000
2.204110 461.150000
2.213638 462.150000
2.223153 463.150000
2.232657 464.150000
2.242149 465.150000
2.251629 466.150000
2.261098 467.150000
2.270556 468.150000
2.280003 469.150000
2.289439 470.150000
2.298864 471.150000
2.308279 472.150000
2.317683 473.150000
2.327077 474.150000
2.336461 475.150000
2.345835 476.150000
2.355200 477.150000
2.364555 478.150000
2.373901 479.150000
2.383238 480.150000
2.392566 481.150000
2.401886 482.150000
2.411197 483.150000
2.420499 484.150000
2.429794 485.150000
2.439080 486.150000
2.448359 487.150000
2.457630 488.150000
2.466894 489.150000
2.476151 490.150000
2.485401 491.150000
2.494644 492.150000
2.503881 493.150000
2.513111 494.150000
2.522335 495.150000
2.531554 496.150000
2.540766 497.150000
2.549974 498.150000
2.559176 499.150000
2.568373 500.150000
2.577565 501.150000
2.586753 502.150000
2.595936 503.150000
2.605116 504.150000
2.614291 505.150000
2.623463 506.150000
2.632632 507.150000
2.641798 508.150000
2.650961 509.150000
2.660121 510.150000
2.669279 511.150000
2.678435 512.150000
2.687589 513.150000
2.696741 514.150000
2.705892 515.150000
2.715043 516.150000
2.724193 517.150000
2.733342 518.150000
2.742491 519.150000
2.751641 520.150000
2.760791 521.150000
2.769942 522.150000
2.779094 523.150000
2.788247 524.150000
2.797403 525.150000
2.806560 526.150000
2.815720 527.150000
2.824883 528.150000
2.834049 529.150000
2.843219 530.150000
2.852393 531.150000
2.861571 532.150000
2.870754 533.150000
2.879942 534.150000
2.889136 535.150000
2.898335 536.150000
2.907541 537.150000
2.916754 538.150000
2.925975 539.150000
2.935203 540.150000
2.944440 541.150000
2.953685 542.150000
2.962940 543.150000
2.972204 544.150000
2.981479 545.150000
2.990765 546.150000
3.000062 547.150000
3.009372 548.150000
3.018695 549.150000
3.028030 550.150000
3.037380 551.150000
3.046745 552.150000
3.056125 553.150000
3.065522 554.150000
3.074935 555.150000
3.084366 556.150000
3.093816 557.150000
3.103285 558.150000
3.112774 559.150000
3.122285 560.150000
3.131818 561.150000
3.141375 562.150000
3.150955 563.150000
3.160561 564.150000
3.170194 565.150000
3.179854 566.150000
3.189543 567.150000
3.199263 568.150000
3.209014 569.150000
3.218798 570.150000
3.228617 571.150000
3.238473 572.150000
3.248366 573.150000
3.258299 574.150000
3.268274 575.150000
3.278293 576.150000
3.288357 577.150000
3.298469 578.150000
3.308632 579.150000
3.318848 580.150000
3.329119 581.150000
3.339449 582.150000
3.349840 583.150000
5.615896 584.150000
5.627926 585.150000
5.639577 586.150000
5.650886 587.150000
5.661887 588.150000
5.672606 589.150000
5.683066 590.150000
5.693286 591.150000
5.703283 592.150000
5.713072 593.150000
5.722664 594.150000
5.732072 595.150000
5.741305 596.150000
5.750373 597.150000
5.759283 598.150000
5.768043 599.150000
5.776660 600.150000
5.785139 601.150000
5.793488 602.150000
5.801711 603.150000
5.809813 604.150000
5.817800 605.150000
5.825675 606.150000
5.833442 607.150000
5.841107 608.150000
5.848672 609.150000
5.856140 610.150000
5.863516 611.150000
5.870803 612.150000
5.878002 613.150000
5.885118 614.150000
5.892153 615.150000
5.899109 616.150000
5.905989 617.150000
5.912796 618.150000
5.919531 619.150000
5.926196 620.150000
5.932795 621.150000
5.939327 622.150000
5.945796 623.150000
5.952204 624.150000
5.958551 625.150000
5.964839 626.150000
5.971071 627.150000
5.977247 628.150000
5.983369 629.150000
5.989438 630.150000
5.995456 631.150000
6.001424 632.150000
6.007343 633.150000
6.013215 634.150000
6.019039 635.150000
6.024819 636.150000
6.030553 637.150000
6.036245 638.150000
6.041894 639.150000
6.047501 640.150000
6.053068 641.150000
6.058595 642.150000
6.064083 643.150000
6.069533 644.150000
6.074946 645.150000
6.080322 646.150000
6.085662 647.150000
6.090968 648.150000
6.096239 649.150000
6.101476 650.150000
6.106681 651.150000
6.111853 652.150000
6.116993 653.150000
6.122102 654.150000
6.127180 655.150000
6.132229 656.150000
6.137247 657.150000
6.142237 658.150000
6.147199 659.150000
6.152132 660.150000
6.157038 661.150000
6.161917 662.150000
6.166770 663.150000
6.171596 664.150000
6.176397 665.150000
6.181172 666.150000
6.185923 667.150000
6.190649 668.150000
6.195352 669.150000
6.200031 670.150000
6.204686 671.150000
6.209319 672.150000
6.213929 673.150000
6.218517 674.150000
6.223083 675.150000
6.227628 676.150000
6.232151 677.150000
6.236654 678.150000
6.241136 679.150000
6.245598 680.150000
6.250040 681.150000
6.254462 682.150000
6.258865 683.150000
6.263249 684.150000
6.267614 685.150000
6.271960 686.150000
6.276288 687.150000
6.280598 688.150000
6.284890 689.150000
6.289165 690.150000
6.293422 691.150000
6.297663 692.150000
6.301886 693.150000
6.306093 694.150000
6.310283 695.150000
6.314458 696.150000
6.318616 697.150000
6.322758 698.150000
6.326885 699.150000
6.330997 700.150000
6.335093 701.150000
6.339174 702.150000
6.343241 703.150000
6.347292 704.150000
6.351330 705.150000
6.355353 706.150000
6.359362 707.150000
6.363357 708.150000
6.367338 709.150000
6.371306 710.150000
6.375260 711.150000
6.379201 712.150000
6.383129 713.150000
6.387044 714.150000
6.390946 715.150000
6.394835 716.150000
6.398712 717.150000
6.402577 718.150000
6.406429 719.150000
6.410269 720.150000
6.414097 721.150000
6.417913 722.150000
6.421718 723.150000
6.425510 724.150000
6.429292 725.150000
6.433062 726.150000
6.436821 727.150000
6.440568 728.150000
6.444305 729.150000
6.448031 730.150000
6.451746 731.150000
6.455451 732.150000
6.459144 733.150000
6.462828 734.150000
6.466501 735.150000
6.470164 736.150000
6.473817 737.150000
6.477460 738.150000
6.481092 739.150000
6.484715 740.150000
6.488329 741.150000
6.491932 742.150000
6.495526 743.150000
6.499111 744.150000
6.502686 745.150000
6.506252 746.150000
6.509809 747.150000
6.513357 748.150000
6.516896 749.150000
6.520426 750.150000
6.523947 751.150000
6.527459 752.150000
6.530962 753.150000
6.534457 754.150000
6.537944 755.150000
6.541422 756.150000
6.544891 757.150000
6.548352 758.150000
6.551805 759.150000
6.555250 760.150000
6.558687 761.150000
6.562116 762.150000
6.565537 763.150000
6.568950 764.150000
6.572355 765.150000
6.575752 766.150000
6.579142 767.150000
6.582524 768.150000
6.585899 769.150000
6.589266 770.150000
6.592625 771.150000
6.595978 772.150000
6.599323 773.150000
